EXCHANGE%3DNYSE
MARKET_OPEN_MINUTE=570
MARKET_CLOSE_MINUTE=960
INTERVAL=60
COLUMNS=DATE,CLOSE,HIGH,LOW,OPEN,VOLUME
DATA=
TIMEZONE_OFFSET=-240
a1431437400,95.6,96,95,96,78289
1,95.72,95.985,95.65,95.985,15036
2,95.53,95.74,95.52,95.72,11523
3,95.53,95.53,95.44,95.5,10019
4,95.5305,95.55,95.41,95.49,14391
5,95.65,95.69,95.61,95.655,7765
6,95.76,95.812,95.61,95.66,16434
7,95.85,95.96,95.72,95.72,17030
8,95.74,95.83,95.72,95.83,5085
9,95.74,95.74,95.71,95.722,1870
10,95.71,95.76,95.68,95.74,7700
11,95.79,95.8,95.65,95.71,14707
12,95.68,95.77,95.64,95.77,12366
13,95.67,95.67,95.62,95.67,4960
14,95.49,95.64,95.47,95.63,11874
15,95.52,95.59,95.46,95.52,7900
16,95.523,95.53,95.48,95.53,4984
17,95.57,95.57,95.5101,95.5101,3358
18,95.56,95.64,95.56,95.58,16097
19,95.58,95.59,95.5101,95.57,23685
20,95.55,95.64,95.55,95.59,7775
21,95.57,95.61,95.56,95.56,4477
22,95.62,95.65,95.57,95.57,18528
23,95.71,95.73,95.6,95.61,9680
24,95.67,95.72,95.62,95.72,8031
25,95.62,95.67,95.6,95.67,6300
26,95.68,95.74,95.625,95.625,10171
27,95.74,95.76,95.67,95.67,7925
28,95.74,95.79,95.73,95.7344,6750
29,95.69,95.76,95.69,95.73,6195
30,95.63,95.72,95.63,95.68,9102
31,95.64,95.64,95.59,95.63,14207
32,95.562,95.67,95.56,95.63,9685
33,95.57,95.58,95.5154,95.56,12372
34,95.607,95.63,95.575,95.575,10225
35,95.55,95.61,95.55,95.61,10695
36,95.63,95.63,95.55,95.55,7821
37,95.6,95.63,95.6,95.63,4300
38,95.541,95.6,95.51,95.6,9564
39,95.6,95.6,95.52,95.55,4800
40,95.76,95.77,95.61,95.61,3150
41,95.71,95.75,95.68,95.75,9956
42,95.68,95.72,95.67,95.71,7812
43,95.64,95.685,95.64,95.685,13009
44,95.57,95.66,95.57,95.65,20928
45,95.585,95.61,95.56,95.575,10232
46,95.59,95.6,95.55,95.58,6859
47,95.7,95.7,95.595,95.6,7623
48,95.65,95.71,95.65,95.7,9452
49,95.67,95.68,95.62,95.63,6770
50,95.61,95.67,95.59,95.67,6861
51,95.675,95.7,95.62,95.62,19408
52,95.73,95.73,95.67,95.6752,6308
53,95.76,95.76,95.72,95.73,4978
54,95.75,95.76,95.71,95.76,10439
55,95.7531,95.78,95.75,95.75,4609
56,95.78,95.805,95.7403,95.7403,7724
57,95.84,95.87,95.79,95.79,6206
58,95.84,95.86,95.82,95.83,6859
59,95.8,95.84,95.79,95.84,7650
60,95.77,95.82,95.77,95.8,3709
61,95.83,95.83,95.755,95.76,8104
62,95.8299,95.85,95.81,95.85,5265
63,95.85,95.85,95.805,95.82,5537
64,95.89,95.915,95.85,95.85,6720
65,95.8906,95.91,95.89,95.89,4136
66,95.855,95.89,95.855,95.886,5377
67,95.88,95.89,95.85,95.85,6438
68,95.9,95.94,95.8748,95.8748,17425
69,95.99,96,95.91,95.91,8862
70,96.015,96.02,95.97,95.98,11966
71,96.05,96.05,96.01,96.01,10320
72,96.0715,96.0715,96.02,96.05,6992
73,96.07,96.12,96.07,96.07,7722
74,96.06,96.08,96.06,96.06,3287
75,96.035,96.05,96.03,96.05,3700
76,96.09,96.12,96.05,96.05,5082
77,96.07,96.113,96.07,96.1,4000
78,96.1,96.1,96.07,96.07,4138
79,96.155,96.18,96.1,96.1,8348
80,96.1,96.17,96.1,96.16,8344
81,96.07,96.1,96.06,96.1,2826
82,96.08,96.08,96.035,96.0757,5520
83,96.06,96.08,96.055,96.073,4384
84,96.08,96.08,96.05,96.07,2835
85,96.068,96.1,96.06,96.09,3388
86,96.04,96.065,96.04,96.065,6210
87,96,96.03,96,96.03,7318
88,96.01,96.01,95.975,96,8137
89,96.05,96.05,96.01,96.01,4212
90,96.03,96.05,96.02,96.05,7020
91,96.03,96.042,96.0201,96.03,4571
92,95.99,96.03,95.98,96.03,4679
93,96.02,96.02,95.975,95.995,5800
94,96.03,96.06,96.03,96.03,4701
95,96.065,96.065,96.025,96.025,2136
96,96.11,96.11,96.06,96.07,5100
97,96.15,96.16,96.09,96.11,7896
98,96.1699,96.18,96.15,96.15,12278
99,96.18,96.2,96.17,96.18,6844
100,96.16,96.19,96.16,96.18,4488
101,96.14,96.18,96.14,96.17,4735
102,96.08,96.14,96.08,96.135,3615
103,96.03,96.09,96.02,96.08,6575
104,96.0532,96.06,96.03,96.03,4503
105,96.05,96.06,96.03,96.05,5896
106,96.02,96.05,96.02,96.05,2920
107,96.02,96.02,96,96.01,6450
108,96,96.02,95.98,96.01,4381
109,96.03,96.03,95.96,96.02,9337
110,96.01,96.03,96.01,96.02,8989
111,95.98,96.01,95.96,96.01,13040
112,95.98,95.99,95.96,95.98,5006
113,95.98,95.99,95.96,95.9601,7311
114,95.99,96.005,95.96,95.97,5652
115,95.99,96.01,95.99,96.0001,3513
116,95.945,96,95.945,95.985,3950
117,95.955,95.99,95.94,95.94,4800
118,95.98,95.99,95.95,95.955,12669
119,95.98,96.0151,95.97,95.985,13252
120,96,96,95.96,95.98,7506
121,95.98,96.015,95.965,96,13156
122,96.01,96.01,95.98,95.98,7198
123,95.97,96.02,95.95,96.01,9756
124,95.96,95.99,95.96,95.965,8580
125,95.96,95.98,95.95,95.96,15972
126,95.97,95.97,95.94,95.96,13268
127,95.99,96,95.975,95.98,5400
128,95.97,95.99,95.96,95.99,6093
129,96.01,96.02,95.97,95.98,10838
130,95.98,96.01,95.98,96.01,4437
131,95.9505,95.99,95.93,95.985,9286
132,96,96.015,95.97,95.97,11350
133,96.02,96.02,95.995,96,9606
134,96,96.015,95.995,96.01,5482
135,95.9899,96.01,95.961,96.01,5747
136,96.02,96.035,95.975,95.98,10676
137,96.01,96.025,95.995,96.025,6435
138,95.98,96.005,95.98,96,7025
139,95.95,95.98,95.95,95.975,2500
140,96.015,96.015,95.96,95.96,4400
141,95.971,96.015,95.971,96.015,3764
142,95.98,95.98,95.97,95.98,2873
143,95.99,95.99,95.96,95.97,2938
144,96,96.01,95.9801,95.9902,4271
145,96.01,96.01,95.97,96,5658
146,95.98,96.015,95.98,96.015,2700
147,96,96.01,95.98,95.98,7790
148,95.98,96,95.98,96,2917
149,95.99,95.99,95.98,95.98,3731
150,95.955,95.99,95.94,95.99,8627
151,95.995,96,95.96,95.96,8251
152,95.97,95.995,95.97,95.99,7233
153,95.945,95.98,95.925,95.98,11430
154,95.93,95.945,95.93,95.945,3923
155,95.96,95.96,95.905,95.92,17195
156,95.94,95.96,95.94,95.96,3409
157,95.9253,95.9599,95.9,95.94,8592
158,95.895,95.93,95.8949,95.92,5405
159,95.9,95.91,95.89,95.89,800
160,95.88,95.91,95.85,95.9,16297
161,95.87,95.88,95.845,95.87,7565
162,95.87,95.87,95.84,95.8699,5457
163,95.88,95.88,95.84,95.88,6855
164,95.9299,95.9299,95.875,95.875,2705
165,95.96,95.96,95.93,95.94,2098
166,95.945,95.955,95.935,95.955,6170
167,95.95,95.95,95.93,95.93,1559
168,95.99,95.99,95.96,95.96,1100
169,95.99,96,95.985,96,2307
170,96,96,95.985,95.9958,1970
171,95.96,96,95.96,95.995,6273
172,96,96,95.965,95.9658,3229
173,96,96,95.99,96,1900
174,95.99,96.005,95.99,96.005,5694
175,96,96,95.98,95.99,1566
176,95.95,95.996,95.95,95.996,6289
177,95.96,95.96,95.945,95.955,5102
178,95.97,95.97,95.965,95.97,1100
179,95.99,95.99,95.975,95.99,4501
180,95.99,95.99,95.9834,95.99,604
181,95.97,96,95.97,95.99,2906
182,95.98,95.98,95.9601,95.97,3891
183,95.94,95.97,95.935,95.97,4110
184,95.95,95.95,95.93,95.94,6025
185,95.945,95.95,95.94,95.95,3628
186,95.92,95.93,95.91,95.93,3302
187,95.92,95.94,95.92,95.92,21416
188,95.935,95.935,95.905,95.91,4401
189,95.94,95.94,95.93,95.94,600
190,95.94,95.95,95.92,95.93,11460
191,95.945,95.95,95.935,95.94,3180
192,95.94,95.95,95.935,95.95,6210
193,95.95,95.95,95.9414,95.95,2843
194,95.95,95.95,95.945,95.95,3814
195,95.97,95.97,95.9401,95.9401,9344
196,95.99,95.995,95.98,95.98,7029
197,96.01,96.01,95.99,95.995,7400
198,96.01,96.02,96.004,96.01,5853
199,96.005,96.01,96,96.01,2795
200,95.995,96,95.99,96,8305
201,96,96.02,95.995,96,34661
202,96.03,96.04,96,96.0001,11966
203,96.04,96.05,96.025,96.03,7752
204,96.055,96.06,96.04,96.04,3944
205,96.05,96.07,96.05,96.07,5478
206,96.02,96.04,96.02,96.04,6433
207,96.04,96.04,96.025,96.03,3718
208,96.03,96.03,96.015,96.03,7973
209,96.04,96.06,96.02,96.029,7120
210,96.06,96.0632,96.045,96.05,2914
211,96.075,96.08,96.0601,96.07,2540
212,96.04,96.07,96.04,96.07,4637
213,96.04,96.046,96.03,96.04,2804
214,96.0301,96.04,96.025,96.0349,4023
215,96.04,96.04,96.015,96.04,13839
216,96.04,96.04,96.02,96.03,5832
217,96.035,96.04,96.0338,96.04,1258
218,96.06,96.06,96.0301,96.0301,3047
219,96.08,96.08,96.06,96.06,2916
220,96.09,96.09,96.075,96.08,1000
221,96.15,96.16,96.08,96.08,14754
222,96.18,96.18,96.15,96.15,5620
223,96.175,96.185,96.17,96.18,3904
224,96.15,96.175,96.15,96.17,6790
225,96.16,96.17,96.15,96.15,4803
226,96.14,96.165,96.13,96.16,5560
227,96.12,96.14,96.11,96.14,4051
228,96.105,96.13,96.105,96.12,5312
229,96.06,96.1,96.06,96.1,4202
230,96.08,96.08,96.03,96.05,4969
231,96.09,96.09,96.07,96.0701,1801
232,96.11,96.115,96.09,96.09,7311
233,96.11,96.11,96.11,96.11,1550
234,96.1,96.11,96.09,96.105,9401
235,96.11,96.12,96.09,96.09,3902
236,96.11,96.12,96.1,96.11,3100
237,96.11,96.11,96.1,96.11,4065
238,96.15,96.15,96.1101,96.1101,4917
239,96.14,96.14,96.135,96.14,2000
240,96.11,96.135,96.11,96.13,6704
241,96.115,96.13,96.104,96.104,3803
242,96.105,96.12,96.105,96.1138,5170
243,96.12,96.135,96.12,96.12,6859
244,96.14,96.14,96.12,96.121,2650
245,96.12,96.15,96.12,96.14,6507
246,96.13,96.13,96.12,96.12,2200
247,96.095,96.13,96.08,96.13,18145
248,96.1101,96.119,96.085,96.09,6526
249,96.14,96.14,96.115,96.12,4209
250,96.15,96.15,96.13,96.14,4407
251,96.125,96.15,96.125,96.15,5740
252,96.13,96.14,96.13,96.13,4405
253,96.12,96.12,96.11,96.12,3701
254,96.1,96.13,96.1,96.1255,7728
255,96.13,96.13,96.105,96.1062,2824
256,96.11,96.13,96.105,96.1232,4390
257,96.11,96.11,96.09,96.11,13160
258,96.12,96.12,96.1103,96.1103,510
259,96.17,96.17,96.115,96.12,4384
260,96.13,96.165,96.13,96.16,8802
261,96.125,96.14,96.12,96.13,6548
262,96.14,96.14,96.12,96.1247,2154
263,96.1,96.145,96.09,96.145,7337
264,96.07,96.1,96.07,96.1,4203
265,96.075,96.075,96.035,96.06,3709
266,96.1,96.1,96.07,96.07,8991
267,96.12,96.12,96.1,96.1,1377
268,96.14,96.14,96.11,96.115,10145
269,96.13,96.15,96.13,96.145,4148
270,96.12,96.13,96.12,96.13,6440
271,96.13,96.14,96.11,96.12,4115
272,96.1299,96.1299,96.1237,96.1237,702
273,96.1153,96.125,96.11,96.12,4482
274,96.115,96.12,96.115,96.12,1100
275,96.13,96.13,96.1,96.12,13339
276,96.15,96.15,96.135,96.14,3606
277,96.17,96.17,96.15,96.15,10418
278,96.17,96.175,96.17,96.174,1580
279,96.175,96.1799,96.17,96.17,2935
280,96.15,96.17,96.15,96.17,4407
281,96.16,96.18,96.15,96.16,8223
282,96.11,96.155,96.11,96.15,5452
283,96.12,96.12,96.1,96.11,6277
284,96.1,96.1251,96.095,96.12,5788
285,96.13,96.14,96.11,96.11,9446
286,96.12,96.14,96.11,96.125,4035
287,96.11,96.13,96.09,96.12,6557
288,96.1,96.12,96.095,96.12,3650
289,96.14,96.14,96.11,96.11,2200
290,96.13,96.14,96.115,96.14,4410
291,96.14,96.14,96.11,96.12,4750
292,96.16,96.16,96.135,96.14,2184
293,96.18,96.19,96.155,96.16,5812
294,96.2,96.22,96.185,96.19,8781
295,96.21,96.21,96.195,96.1999,4919
296,96.21,96.21,96.195,96.2001,4700
297,96.21,96.22,96.2,96.205,3912
298,96.21,96.23,96.2001,96.2001,1880
299,96.26,96.26,96.205,96.2061,6902
300,96.27,96.28,96.25,96.26,6297
301,96.33,96.3428,96.28,96.28,11043
302,96.2799,96.325,96.26,96.32,25778
303,96.26,96.27,96.26,96.27,4701
304,96.26,96.27,96.235,96.27,8548
305,96.25,96.26,96.24,96.25,975
306,96.27,96.27,96.23,96.24,5479
307,96.31,96.31,96.26,96.26,3200
308,96.33,96.34,96.3,96.3,6743
309,96.343,96.35,96.32,96.33,4000
310,96.36,96.36,96.34,96.343,3595
311,96.34,96.36,96.335,96.35,5643
312,96.31,96.35,96.31,96.35,5128
313,96.28,96.31,96.275,96.31,7177
314,96.2799,96.2799,96.255,96.2701,3681
315,96.27,96.29,96.265,96.28,8349
316,96.31,96.32,96.28,96.28,3021
317,96.315,96.36,96.31,96.31,8806
318,96.29,96.31,96.28,96.31,6035
319,96.31,96.32,96.285,96.29,4705
320,96.34,96.34,96.3047,96.3047,6760
321,96.32,96.355,96.305,96.34,9856
322,96.33,96.33,96.305,96.31,4295
323,96.3,96.33,96.295,96.33,12853
324,96.32,96.32,96.3,96.31,4215
325,96.31,96.31,96.29,96.31,4441
326,96.2566,96.3012,96.255,96.3012,10660
327,96.24,96.26,96.23,96.25,6143
328,96.22,96.26,96.22,96.24,22050
329,96.21,96.26,96.21,96.215,13490
330,96.2099,96.21,96.17,96.21,7591
331,96.2,96.22,96.2,96.21,3939
332,96.21,96.215,96.2001,96.21,5336
333,96.25,96.26,96.2,96.22,15097
334,96.255,96.273,96.255,96.26,7568
335,96.25,96.27,96.25,96.255,9431
336,96.21,96.245,96.19,96.2401,7302
337,96.22,96.225,96.205,96.205,1200
338,96.25,96.26,96.225,96.225,7753
339,96.255,96.26,96.24,96.24,1402
340,96.24,96.26,96.23,96.255,8000
341,96.255,96.27,96.23,96.235,6300
342,96.23,96.25,96.206,96.25,6251
343,96.255,96.255,96.2335,96.235,6108
344,96.275,96.29,96.25,96.26,4972
345,96.2899,96.29,96.275,96.289,5117
346,96.28,96.285,96.25,96.28,12919
347,96.2804,96.3,96.28,96.29,5751
348,96.28,96.29,96.275,96.285,7553
349,96.26,96.29,96.26,96.28,10084
350,96.28,96.29,96.26,96.27,12968
351,96.36,96.36,96.285,96.29,13130
352,96.335,96.36,96.33,96.36,9187
353,96.33,96.34,96.31,96.32,8749
354,96.33,96.345,96.325,96.33,9220
355,96.33,96.34,96.311,96.32,13217
356,96.35,96.36,96.34,96.35,10061
357,96.36,96.38,96.35,96.35,8752
358,96.35,96.365,96.32,96.36,13755
359,96.33,96.36,96.33,96.35,8629
360,96.35,96.36,96.3234,96.33,7681
361,96.345,96.365,96.33,96.36,10779
362,96.34,96.36,96.34,96.34,9115
363,96.325,96.352,96.325,96.345,12696
364,96.32,96.325,96.3,96.325,11015
365,96.275,96.315,96.26,96.31,10772
366,96.2751,96.28,96.255,96.27,12107
367,96.31,96.31,96.275,96.275,9771
368,96.3,96.305,96.29,96.3,6686
369,96.29,96.3,96.28,96.295,14530
370,96.305,96.32,96.29,96.29,9698
371,96.3,96.3092,96.3,96.305,11212
372,96.215,96.3,96.2,96.3,23498
373,96.24,96.24,96.21,96.22,7887
374,96.26,96.26,96.225,96.24,22415
375,96.295,96.295,96.24,96.255,27442
376,96.28,96.3,96.27,96.29,15630
377,96.285,96.29,96.28,96.285,6794
378,96.275,96.29,96.27,96.28,15882
379,96.275,96.285,96.27,96.28,21625
380,96.265,96.28,96.2599,96.275,22441
381,96.26,96.27,96.25,96.26,23870
382,96.255,96.265,96.25,96.26,8003
383,96.24,96.26,96.23,96.255,27799
384,96.26,96.26,96.23,96.24,16847
385,96.29,96.3,96.2501,96.26,35353
386,96.27,96.295,96.25,96.2941,16268
387,96.27,96.28,96.2632,96.2632,8997
388,96.26,96.27,96.25,96.26,21073
389,96.25,96.2699,96.225,96.265,46136
390,96.21,96.28,96.19,96.25,89885
