EXCHANGE%3DNYSE
MARKET_OPEN_MINUTE=570
MARKET_CLOSE_MINUTE=960
INTERVAL=60
COLUMNS=DATE,CLOSE,HIGH,LOW,OPEN,VOLUME
DATA=
TIMEZONE_OFFSET=-240
a1431437460,40.74,40.78,40.7,40.77,244174
1,40.61,40.75,40.6,40.75,64792
2,40.61,40.62,40.55,40.61,89286
3,40.575,40.62,40.565,40.62,27495
4,40.63,40.63,40.57,40.5751,35121
5,40.73,40.75,40.639,40.64,80716
6,40.71,40.78,40.7,40.74,44542
7,40.67,40.72,40.65,40.71,25917
8,40.7146,40.72,40.65,40.6699,70829
9,40.66,40.71,40.65,40.71,33974
10,40.6545,40.665,40.63,40.65,21601
11,40.6,40.6599,40.6,40.6599,31085
12,40.59,40.62,40.59,40.6,29962
13,40.52,40.6,40.52,40.59,43403
14,40.56,40.58,40.53,40.53,37492
15,40.57,40.58,40.54,40.55,70055
16,40.59,40.59,40.56,40.56,43594
17,40.58,40.59,40.58,40.59,15819
18,40.5899,40.59,40.57,40.57,13692
19,40.6,40.61,40.58,40.59,15931
20,40.62,40.63,40.6095,40.6095,19244
21,40.65,40.67,40.62,40.62,30761
22,40.71,40.71,40.66,40.66,24962
23,40.705,40.72,40.7001,40.71,35613
24,40.685,40.71,40.66,40.7049,28805
25,40.7,40.72,40.68,40.6849,35714
26,40.7,40.71,40.69,40.7,12692
27,40.7172,40.72,40.69,40.7,20758
28,40.73,40.73,40.71,40.72,20050
29,40.73,40.76,40.73,40.73,54939
30,40.745,40.75,40.71,40.73,78897
31,40.75,40.76,40.73,40.74,111333
32,40.73,40.76,40.71,40.75,282724
33,40.75,40.76,40.73,40.73,62967
34,40.75,40.76,40.74,40.75,56112
35,40.75,40.7599,40.74,40.75,66874
36,40.76,40.76,40.741,40.75,28870
37,40.74,40.75,40.72,40.75,94851
38,40.75,40.76,40.7348,40.735,35790
39,40.81,40.81,40.76,40.76,28288
40,40.78,40.81,40.78,40.81,27250
41,40.77,40.79,40.77,40.79,36235
42,40.76,40.78,40.759,40.775,28051
43,40.73,40.765,40.73,40.76,24954
44,40.7441,40.75,40.73,40.73,16560
45,40.73,40.75,40.73,40.745,40268
46,40.765,40.765,40.74,40.74,23954
47,40.76,40.78,40.76,40.77,36233
48,40.77,40.77,40.75,40.76,13537
49,40.73,40.77,40.73,40.76,40957
50,40.74,40.7551,40.73,40.74,21568
51,40.75,40.75,40.74,40.74,17946
52,40.7472,40.75,40.74,40.7482,15161
53,40.74,40.75,40.73,40.74,18897
54,40.75,40.75,40.7356,40.74,19173
55,40.75,40.76,40.75,40.75,10890
56,40.78,40.78,40.76,40.76,26865
57,40.75,40.775,40.75,40.77,26503
58,40.74,40.76,40.733,40.76,36314
59,40.72,40.74,40.72,40.74,14392
60,40.76,40.76,40.72,40.72,32095
61,40.77,40.77,40.75,40.76,8437
62,40.78,40.78,40.76,40.77,19253
63,40.8,40.8,40.771,40.771,13121
64,40.7962,40.82,40.79,40.7962,20566
65,40.785,40.795,40.77,40.79,11276
66,40.7749,40.795,40.7749,40.785,21897
67,40.79,40.805,40.7748,40.78,21518
68,40.83,40.845,40.78,40.783,20158
69,40.86,40.86,40.82,40.84,34943
70,40.88,40.89,40.84,40.86,62517
71,40.8999,40.9,40.88,40.88,25968
72,40.88,40.92,40.88,40.9,31003
73,40.87,40.89,40.86,40.88,18940
74,40.86,40.87,40.855,40.865,26622
75,40.89,40.89,40.865,40.87,20127
76,40.88,40.9,40.8701,40.89,35016
77,40.9,40.9,40.89,40.89,15079
78,40.9,40.92,40.9,40.9,29172
79,40.86,40.91,40.86,40.9,38995
80,40.87,40.88,40.86,40.86,19479
81,40.875,40.88,40.87,40.87,20864
82,40.88,40.88,40.87,40.88,2526
83,40.88,40.885,40.8761,40.8799,3971
84,40.88,40.89,40.8785,40.89,31296
85,40.875,40.88,40.8743,40.8778,4713
86,40.861,40.88,40.86,40.88,26460
87,40.86,40.87,40.85,40.8699,24615
88,40.885,40.89,40.87,40.87,15965
89,40.9,40.9,40.87,40.88,52690
90,40.9,40.9,40.89,40.895,24185
91,40.9,40.9,40.88,40.9,39399
92,40.91,40.91,40.88,40.8901,31011
93,40.91,40.93,40.91,40.91,31557
94,40.91,40.91,40.89,40.9,23674
95,40.93,40.935,40.91,40.91,15920
96,40.945,40.945,40.925,40.935,10977
97,40.94,40.96,40.94,40.95,36458
98,40.9472,40.95,40.9351,40.9351,18570
99,40.95,40.95,40.9371,40.94,3608
100,40.9355,40.955,40.93,40.9415,19874
101,40.905,40.94,40.905,40.94,9722
102,40.89,40.919,40.89,40.9028,10427
103,40.88,40.89,40.87,40.8852,13749
104,40.908,40.91,40.88,40.88,33624
105,40.9,40.91,40.9,40.91,84461
106,40.92,40.92,40.9,40.9,45226
107,40.905,40.91,40.89,40.91,86574
108,40.9055,40.91,40.89,40.9,21207
109,40.89,40.905,40.88,40.9,61427
110,40.88,40.895,40.87,40.89,21426
111,40.91,40.91,40.8899,40.89,29962
112,40.92,40.92,40.9,40.9055,6182
113,40.91,40.91,40.8958,40.91,32157
114,40.895,40.91,40.89,40.91,14837
115,40.87,40.89,40.87,40.89,7070
116,40.85,40.88,40.85,40.87,15453
117,40.855,40.86,40.85,40.85,1600
118,40.84,40.87,40.84,40.86,15660
119,40.82,40.85,40.82,40.84,12111
120,40.83,40.835,40.82,40.827,5631
121,40.85,40.85,40.8201,40.83,7785
122,40.83,40.85,40.81,40.85,7354
123,40.83,40.83,40.82,40.83,1203
124,40.8254,40.8351,40.82,40.83,10366
125,40.825,40.83,40.82,40.82,3976
126,40.82,40.83,40.82,40.83,12768
127,40.8,40.81,40.79,40.81,18281
128,40.82,40.83,40.8,40.8,5600
129,40.84,40.85,40.82,40.83,17774
130,40.82,40.849,40.81,40.849,16568
131,40.82,40.8255,40.82,40.8209,4606
132,40.86,40.86,40.82,40.82,4900
133,40.86,40.86,40.85,40.8503,1833
134,40.87,40.87,40.863,40.87,2808
135,40.8812,40.9,40.8645,40.8645,17810
136,40.88,40.89,40.88,40.89,1734
137,40.87,40.88,40.8699,40.88,11691
138,40.86,40.87,40.85,40.86,4926
139,40.8772,40.88,40.86,40.86,8098
140,40.86,40.875,40.86,40.87,8884
141,40.865,40.87,40.86,40.86,8801
142,40.87,40.87,40.86,40.8675,5006
143,40.88,40.88,40.8662,40.87,9117
144,40.88,40.88,40.87,40.87,6803
145,40.89,40.89,40.875,40.88,15579
146,40.89,40.9,40.88,40.89,10577
147,40.89,40.9,40.888,40.89,6263
148,40.881,40.89,40.88,40.89,9674
149,40.877,40.9,40.87,40.89,11858
150,40.89,40.89,40.88,40.88,5875
151,40.87,40.885,40.87,40.885,10496
152,40.85,40.86,40.84,40.86,12553
153,40.82,40.85,40.82,40.85,16485
154,40.82,40.82,40.8055,40.82,16046
155,40.81,40.815,40.805,40.815,8400
156,40.8,40.81,40.8,40.8073,12304
157,40.8,40.83,40.8,40.81,20582
158,40.82,40.82,40.8,40.8099,9618
159,40.809,40.83,40.8,40.8155,15389
160,40.795,40.81,40.7859,40.8,6858
161,40.8,40.8,40.78,40.7997,8495
162,40.7883,40.8,40.77,40.8,19632
163,40.8,40.8,40.78,40.79,7428
164,40.815,40.815,40.8055,40.8059,4999
165,40.8033,40.82,40.8,40.82,10808
166,40.83,40.83,40.8,40.805,5145
167,40.84,40.8432,40.82,40.82,6451
168,40.8401,40.85,40.835,40.84,6200
169,40.84,40.85,40.84,40.845,7083
170,40.82,40.85,40.82,40.85,4599
171,40.83,40.83,40.82,40.82,16263
172,40.84,40.845,40.831,40.8315,8961
173,40.84,40.85,40.8355,40.85,10051
174,40.84,40.84,40.835,40.84,5966
175,40.825,40.84,40.825,40.84,7675
176,40.83,40.83,40.82,40.83,8200
177,40.835,40.835,40.8232,40.8299,5160
178,40.8355,40.84,40.83,40.84,3576
179,40.85,40.85,40.831,40.84,6627
180,40.84,40.85,40.84,40.84,3274
181,40.8472,40.85,40.84,40.85,2100
182,40.83,40.85,40.83,40.85,17241
183,40.83,40.83,40.82,40.82,8201
184,40.8087,40.83,40.8087,40.83,11391
185,40.81,40.81,40.8,40.81,1500
186,40.84,40.85,40.8,40.81,13755
187,40.84,40.85,40.83,40.84,6207
188,40.84,40.85,40.84,40.8462,1079
189,40.86,40.865,40.8401,40.845,9751
190,40.87,40.87,40.85,40.86,4671
191,40.869,40.869,40.869,40.869,285
192,40.8649,40.87,40.8645,40.8645,4444
193,40.87,40.87,40.87,40.87,1100
194,40.87,40.89,40.87,40.87,23301
195,40.88,40.89,40.88,40.88,5007
196,40.88,40.88,40.875,40.875,2900
197,40.88,40.89,40.875,40.88,13062
198,40.86,40.875,40.86,40.875,7663
199,40.86,40.87,40.86,40.86,2706
200,40.87,40.87,40.86,40.86,2900
201,40.8601,40.88,40.86,40.865,32396
202,40.88,40.88,40.86,40.87,6516
203,40.89,40.89,40.875,40.875,14214
204,40.885,40.9,40.88,40.89,22847
205,40.88,40.89,40.87,40.89,13064
206,40.87,40.88,40.86,40.88,31933
207,40.85,40.87,40.84,40.87,22361
208,40.853,40.86,40.84,40.8499,14007
209,40.8499,40.85,40.84,40.84,8161
210,40.845,40.85,40.84,40.85,7683
211,40.83,40.85,40.82,40.85,24041
212,40.8001,40.82,40.8,40.82,12240
213,40.805,40.81,40.8,40.804,12877
214,40.785,40.805,40.78,40.805,27143
215,40.78,40.7851,40.77,40.7845,35276
216,40.78,40.78,40.77,40.77,4350
217,40.8,40.8,40.775,40.78,11457
218,40.8072,40.8099,40.8,40.8,5885
219,40.8,40.81,40.8,40.805,4043
220,40.8201,40.83,40.7955,40.8,51539
221,40.8155,40.83,40.81,40.825,8219
222,40.8101,40.8173,40.81,40.8138,2918
223,40.815,40.82,40.81,40.815,5473
224,40.81,40.83,40.81,40.81,19110
225,40.8155,40.82,40.805,40.81,33330
226,40.805,40.815,40.8001,40.81,3723
227,40.81,40.81,40.8038,40.805,2700
228,40.785,40.81,40.781,40.8,11256
229,40.79,40.79,40.77,40.78,16512
230,40.79,40.79,40.78,40.79,6309
231,40.78,40.79,40.78,40.79,6296
232,40.79,40.79,40.784,40.784,4042
233,40.79,40.79,40.785,40.79,1800
234,40.78,40.79,40.77,40.78,17288
235,40.785,40.79,40.78,40.79,700
236,40.78,40.79,40.78,40.78,14947
237,40.79,40.79,40.775,40.78,5810
238,40.7885,40.79,40.78,40.79,1830
239,40.77,40.79,40.77,40.78,5763
240,40.78,40.78,40.77,40.775,11791
241,40.77,40.78,40.77,40.77,20055
242,40.76,40.7755,40.76,40.7755,11554
243,40.7699,40.77,40.76,40.7636,10886
244,40.75,40.77,40.75,40.769,11355
245,40.75,40.76,40.75,40.75,8150
246,40.72,40.76,40.715,40.75,29502
247,40.75,40.75,40.73,40.73,18278
248,40.755,40.76,40.74,40.74,11395
249,40.755,40.76,40.751,40.76,15748
250,40.755,40.76,40.7549,40.76,2529
251,40.77,40.77,40.755,40.755,11158
252,40.7615,40.77,40.755,40.76,15660
253,40.76,40.77,40.76,40.7645,7618
254,40.78,40.78,40.76,40.76,6649
255,40.7799,40.78,40.77,40.78,5956
256,40.755,40.78,40.755,40.775,14089
257,40.76,40.76,40.75,40.75,3110
258,40.77,40.77,40.7501,40.76,14717
259,40.75,40.77,40.75,40.77,12190
260,40.755,40.76,40.74,40.75,20679
261,40.76,40.7633,40.75,40.76,12616
262,40.74,40.76,40.74,40.76,10652
263,40.73,40.74,40.73,40.735,5895
264,40.73,40.73,40.7099,40.72,27261
265,40.75,40.75,40.725,40.73,13626
266,40.76,40.77,40.745,40.75,10352
267,40.76,40.76,40.75,40.76,8096
268,40.76,40.76,40.75,40.76,3846
269,40.73,40.76,40.73,40.76,24310
270,40.75,40.75,40.73,40.73,10188
271,40.75,40.7555,40.745,40.75,9882
272,40.73,40.75,40.73,40.75,17315
273,40.74,40.74,40.73,40.73,4759
274,40.735,40.735,40.725,40.735,17675
275,40.75,40.75,40.735,40.74,19039
276,40.75,40.76,40.7455,40.75,5738
277,40.7573,40.76,40.7527,40.755,4465
278,40.765,40.77,40.753,40.76,6975
279,40.745,40.765,40.745,40.765,8906
280,40.745,40.75,40.745,40.75,6000
281,40.7101,40.745,40.7101,40.745,16656
282,40.7,40.7199,40.6951,40.715,45144
283,40.7068,40.71,40.7,40.71,5437
284,40.705,40.71,40.7,40.705,2148
285,40.705,40.71,40.7,40.71,8612
286,40.69,40.72,40.69,40.705,23676
287,40.6872,40.69,40.6839,40.69,4154
288,40.69,40.695,40.6828,40.69,8825
289,40.7,40.7,40.69,40.69,4670
290,40.7,40.7,40.6901,40.695,3499
291,40.715,40.72,40.7,40.7,8846
292,40.73,40.73,40.713,40.715,11138
293,40.7378,40.74,40.73,40.73,9116
294,40.74,40.74,40.73,40.735,5241
295,40.74,40.74,40.7322,40.74,3354
296,40.7472,40.7499,40.735,40.735,6528
297,40.7499,40.755,40.741,40.75,17424
298,40.77,40.77,40.74,40.75,15162
299,40.78,40.79,40.775,40.78,15877
300,40.81,40.81,40.7839,40.785,14667
301,40.8061,40.81,40.805,40.81,5095
302,40.8,40.81,40.795,40.805,22768
303,40.8,40.81,40.79,40.8,19758
304,40.7972,40.8,40.7928,40.795,4543
305,40.8,40.8,40.79,40.7945,10472
306,40.805,40.8062,40.795,40.795,32450
307,40.7956,40.8,40.79,40.8,29833
308,40.8,40.8,40.79,40.795,5499
309,40.8,40.805,40.797,40.8,10495
310,40.795,40.805,40.79,40.805,9220
311,40.785,40.8,40.78,40.8,11843
312,40.765,40.78,40.76,40.78,15520
313,40.77,40.77,40.755,40.765,14795
314,40.77,40.77,40.7644,40.77,14916
315,40.7855,40.79,40.7632,40.7682,20676
316,40.79,40.79,40.78,40.785,7919
317,40.779,40.79,40.77,40.79,16138
318,40.775,40.78,40.77,40.775,3000
319,40.79,40.79,40.771,40.779,22499
320,40.76,40.79,40.76,40.789,30493
321,40.775,40.775,40.76,40.7699,9632
322,40.775,40.78,40.7732,40.78,4024
323,40.78,40.785,40.774,40.775,10945
324,40.7799,40.78,40.77,40.78,6576
325,40.75,40.77,40.75,40.77,16482
326,40.74,40.75,40.74,40.75,12047
327,40.73,40.74,40.73,40.74,14614
328,40.74,40.74,40.73,40.74,10572
329,40.7399,40.7399,40.72,40.73,26517
330,40.74,40.74,40.7301,40.736,14750
331,40.7365,40.74,40.73,40.7345,1810
332,40.75,40.75,40.735,40.74,17294
333,40.75,40.75,40.74,40.745,9110
334,40.735,40.75,40.73,40.745,28070
335,40.72,40.735,40.715,40.73,31591
336,40.7301,40.735,40.72,40.72,12773
337,40.7395,40.74,40.73,40.735,1394
338,40.74,40.75,40.734,40.74,23538
339,40.725,40.735,40.7201,40.7338,7009
340,40.74,40.74,40.7238,40.7238,9919
341,40.73,40.74,40.725,40.735,46211
342,40.74,40.74,40.7227,40.7245,11331
343,40.75,40.75,40.7338,40.74,22970
344,40.76,40.76,40.7545,40.755,10755
345,40.76,40.76,40.74,40.75,29093
346,40.75,40.76,40.75,40.7501,7329
347,40.756,40.76,40.7535,40.755,2040
348,40.76,40.76,40.75,40.76,8643
349,40.75,40.76,40.75,40.755,3862
350,40.785,40.79,40.755,40.76,31399
351,40.77,40.79,40.7645,40.79,23261
352,40.77,40.775,40.75,40.764,85260
353,40.76,40.765,40.755,40.76,12858
354,40.7571,40.76,40.75,40.76,5952
355,40.755,40.765,40.7501,40.76,71828
356,40.765,40.77,40.76,40.76,16844
357,40.755,40.765,40.74,40.76,42386
358,40.745,40.76,40.745,40.755,9289
359,40.7551,40.76,40.7499,40.75,12753
360,40.77,40.77,40.7501,40.76,10703
361,40.765,40.77,40.76,40.765,23364
362,40.7672,40.77,40.76,40.77,7405
363,40.75,40.77,40.75,40.7635,25213
364,40.7349,40.76,40.7349,40.755,26075
365,40.73,40.74,40.73,40.739,10567
366,40.77,40.77,40.731,40.735,35121
367,40.77,40.775,40.76,40.77,35287
368,40.76,40.78,40.76,40.77,24930
369,40.78,40.78,40.7645,40.7699,34316
370,40.775,40.78,40.77,40.78,10356
371,40.7155,40.78,40.71,40.77,90676
372,40.72,40.73,40.715,40.72,30122
373,40.72,40.72,40.71,40.71,23957
374,40.71,40.72,40.69,40.72,61096
375,40.71,40.72,40.7,40.7,58665
376,40.73,40.73,40.71,40.715,40624
377,40.725,40.73,40.72,40.73,14020
378,40.71,40.73,40.7,40.73,83696
379,40.7,40.72,40.7,40.715,52241
380,40.7,40.71,40.69,40.7,59301
381,40.7001,40.715,40.7,40.71,39472
382,40.71,40.72,40.7,40.705,44859
383,40.7,40.715,40.7,40.715,34552
384,40.73,40.74,40.7,40.7,150002
385,40.72,40.73,40.7,40.72,100538
386,40.72,40.72,40.71,40.72,36306
387,40.715,40.72,40.71,40.715,55523
388,40.7,40.7199,40.695,40.7199,142272
389,40.7,40.71,40.69,40.705,217418
